000000000000000000000000000
1000
000000000000010000000000000
100
000000000000000000000000000
100
000000000000010000000000000
100
000000000000000000000000000
100
000000000000010000000000000
100
000000000000000000000000000
100
000000000000010000000000000
200
000101000000010000000101000
300
000101000001010100000101000
300
010101010001010100010101010
300
010101010101010101010101010
300
010111010101010101010111010
400
010111010101111101010111010
400
011111110101111101011111110
400
011111110111111111011111110
400
111111111111111111111111111
400
111101111111101111111101111
70
111000111111000111111000111
70
110000011110000011110000011
70
100000001100000001100000001
70
000000000000000000000000000
1000
