000000000011111
150
000001111100100
150
111111010111011
1000
001001101100000
150
110110000000000
150
000000000011111
150
000001111110000
150
111111000010000
1000
100001000000000
150
100000000000000
150
000000000011111
150
000001111100000
1000
111110000000000
150
000000000011110
150
000001111000010
150
111100001011100
1000
000101110000000
150
111000000000000
150
000000000011111
150
000001111100100
150
111110010011011
1000
001001101100000
150
110110000000000
150
000000000011111
150
000001111110101
150
111111010110101
1000
101011010100000
150
101010000000000
150
000000000011110
150
000001111000010
150
111100001011100
1000
000101110000000
150
111000000000000
150
000000000011111
150
000001111110000
150
111111000010000
1000
100001000000000
150
100000000000000
150
000000000011111
150
000001111100000
1000
111110000000000
150
000000000011111
150
000001111110101
150
111111010111101
1000
101011110100000
150
111010000000000
150
000000000011111
150
000001111100100
150
111110010011111
1000
001001111100000
150
111110000000000
150
000000000000001
150
000000000111111
150
000011111100001
1000
111110000100000
150
000010000000000
150
000000000010110
150
000001011010101
150
101101010101101
1000
101010110100000
150
011010000000000
150
000000000000000
2000
