100000
350
010000
350
001000
350
000001
350
000010
350
000100
350
100000
250
010000
250
001000
250
000001
250
000010
250
000100
250
100000
200
010000
200
001000
200
000001
200
000010
200
000100
200
100100
200
110000
200
011000
200
001001
200
000011
200
000110
200
100110
200
110100
200
111000
200
011001
200
001011
200
000111
200
100111
200
110110
200
111100
200
111001
200
011011
200
001111
200
101111
200
110111
200
111110
200
111101
200
111011
200
011111
200
111111
400
000000
400
111111
400
000000
400
101010
400
010101
400
111000
400
000111
400
100100
200
110000
200
010010
200
000011
200
001001
200
011000
200
010010
200
000011
200
001001
200
011000
200
110000
200
100100
200
000110
200
010010
200
110000
200
100000
200
000000
200
111111
200
011111
200
101111
200
110111
200
111110
200
111101
200
111011
200
011011
200
001111
200
100111
200
110110
200
111100
200
111001
200
011001
200
001011
200
000111
200
100110
200
110100
200
111000
200
011000
200
001001
200
000011
200
000110
200
100100
200
110000
200
010000
200
001000
200
000001
200
000010
200
000100
200
000000
1000
